0.005000    0.785225   -0.069151
    0.010000    0.784707   -0.138278
    0.015000    0.783843   -0.207357
    0.020000    0.782633   -0.276365
    0.025000    0.781079   -0.345277
    0.030000    0.779181   -0.414068
    0.035000    0.776939   -0.482716
    0.040000    0.774354   -0.551195
    0.045000    0.771427   -0.619482
    0.050000    0.768159   -0.687551
    0.055000    0.764552   -0.755379
    0.060000    0.760606   -0.822940
    0.065000    0.756323   -0.890210
    0.070000    0.751704   -0.957163
    0.075000    0.746752   -1.023774
    0.080000    0.741467   -1.090017
    0.085000    0.735852   -1.155867
    0.090000    0.729909   -1.221299
    0.095000    0.723640   -1.286285
    0.100000    0.717047   -1.350800
    0.105000    0.710133   -1.414817
    0.110000    0.702900   -1.478310
    0.115000    0.695351   -1.541250
    0.120000    0.687488   -1.603613
    0.125000    0.679316   -1.665369
    0.130000    0.670836   -1.726491
    0.135000    0.662052   -1.786952
    0.140000    0.652967   -1.846724
    0.145000    0.643586   -1.905779
    0.150000    0.633911   -1.964088
    0.155000    0.623946   -2.021624
    0.160000    0.613696   -2.078357
    0.165000    0.603164   -2.134259
    0.170000    0.592355   -2.189301
    0.175000    0.581273   -2.243456
    0.180000    0.569922   -2.296693
    0.185000    0.558307   -2.348985
    0.190000    0.546434   -2.400303
    0.195000    0.534306   -2.450618
    0.200000    0.521929   -2.499902
    0.205000    0.509309   -2.548126
    0.210000    0.496450   -2.595262
    0.215000    0.483358   -2.641282
    0.220000    0.470039   -2.686159
    0.225000    0.456498   -2.729864
    0.230000    0.442742   -2.772372
    0.235000    0.428777   -2.813654
    0.240000    0.414608   -2.853685
    0.245000    0.400242   -2.892439
    0.250000    0.385685   -2.929891
    0.255000    0.370945   -2.966015
    0.260000    0.356028   -3.000787
    0.265000    0.340940   -3.034184
    0.270000    0.325688   -3.066183
    0.275000    0.310280   -3.096761
    0.280000    0.294723   -3.125897
    0.285000    0.279024   -3.153571
    0.290000    0.263190   -3.179762
    0.295000    0.247228   -3.204453
    0.300000    0.231148   -3.227623
    0.305000    0.214955   -3.249258
    0.310000    0.198658   -3.269340
    0.315000    0.182264   -3.287855
    0.320000    0.165782   -3.304790
    0.325000    0.149219   -3.320130
    0.330000    0.132583   -3.333865
    0.335000    0.115883   -3.345984
    0.340000    0.099126   -3.356478
    0.345000    0.082321   -3.365339
    0.350000    0.065475   -3.372560
    0.355000    0.048598   -3.378135
    0.360000    0.031697   -3.382060
    0.365000    0.014780   -3.384333
    0.370000   -0.002144   -3.384951
    0.375000   -0.019067   -3.383914
    0.380000   -0.035980   -3.381222
    0.385000   -0.052876   -3.376878
    0.390000   -0.069746   -3.370886
    0.395000   -0.086582   -3.363249
    0.400000   -0.103376   -3.353974
    0.405000   -0.120119   -3.343067
    0.410000   -0.136804   -3.330538
    0.415000   -0.153422   -3.316395
    0.420000   -0.169965   -3.300650
    0.425000   -0.186426   -3.283314
    0.430000   -0.202796   -3.264400
    0.435000   -0.219067   -3.243923
    0.440000   -0.235232   -3.221898
    0.445000   -0.251284   -3.198340
    0.450000   -0.267213   -3.173268
    0.455000   -0.283014   -3.146699
    0.460000   -0.298678   -3.118653
    0.465000   -0.314198   -3.089150
    0.470000   -0.329567   -3.058209
    0.475000   -0.344778   -3.025854
    0.480000   -0.359823   -2.992107
    0.485000   -0.374697   -2.956990
    0.490000   -0.389391   -2.920527
    0.495000   -0.403900   -2.882743
    0.500000   -0.418216   -2.843663
    0.505000   -0.432334   -2.803313
    0.510000   -0.446247   -2.761717
    0.515000   -0.459949   -2.718904
    0.520000   -0.473434   -2.674899
    0.525000   -0.486696   -2.629730
    0.530000   -0.499730   -2.583424
    0.535000   -0.512529   -2.536010
    0.540000   -0.525088   -2.487515
    0.545000   -0.537402   -2.437967
    0.550000   -0.549466   -2.387396
    0.555000   -0.561274   -2.335828
    0.560000   -0.572823   -2.283294
    0.565000   -0.584106   -2.229821
    0.570000   -0.595119   -2.175439
    0.575000   -0.605859   -2.120176
    0.580000   -0.616320   -2.064061
    0.585000   -0.626498   -2.007122
    0.590000   -0.636390   -1.949388
    0.595000   -0.645991   -1.890887
    0.600000   -0.655297   -1.831648
    0.605000   -0.664306   -1.771699
    0.610000   -0.673013   -1.711067
    0.615000   -0.681415   -1.649782
    0.620000   -0.689510   -1.587870
    0.625000   -0.697293   -1.525358
    0.630000   -0.704762   -1.462275
    0.635000   -0.711915   -1.398647
    0.640000   -0.718748   -1.334502
    0.645000   -0.725259   -1.269865
    0.650000   -0.731446   -1.204763
    0.655000   -0.737306   -1.139223
    0.660000   -0.742837   -1.073271
    0.665000   -0.748038   -1.006932
    0.670000   -0.752906   -0.940232
    0.675000   -0.757440   -0.873196
    0.680000   -0.761638   -0.805850
    0.685000   -0.765498   -0.738219
    0.690000   -0.769019   -0.670328
    0.695000   -0.772201   -0.602201
    0.700000   -0.775041   -0.533864
    0.705000   -0.777539   -0.465339
    0.710000   -0.779694   -0.396653
    0.715000   -0.781505   -0.327828
    0.720000   -0.782972   -0.258890
    0.725000   -0.784094   -0.189862
    0.730000   -0.784871   -0.120769
    0.735000   -0.785302   -0.051633
    0.740000   -0.785387    0.017520
    0.745000   -0.785127    0.086667
    0.750000   -0.784520    0.155785
    0.755000   -0.783569    0.224848
    0.760000   -0.782272    0.293834
    0.765000   -0.780631    0.362717
    0.770000   -0.778645    0.431475
    0.775000   -0.776316    0.500082
    0.780000   -0.773645    0.568515
    0.785000   -0.770631    0.636749
    0.790000   -0.767277    0.704759
    0.795000   -0.763584    0.772522
    0.800000   -0.759553    0.840011
    0.805000   -0.755185    0.907203
    0.810000   -0.750481    0.974072
    0.815000   -0.745444    1.040592
    0.820000   -0.740076    1.106738
    0.825000   -0.734378    1.172485
    0.830000   -0.728352    1.237806
    0.835000   -0.722000    1.302676
    0.840000   -0.715326    1.367067
    0.845000   -0.708331    1.430953
    0.850000   -0.701017    1.494309
    0.855000   -0.693388    1.557106
    0.860000   -0.685447    1.619317
    0.865000   -0.677196    1.680915
    0.870000   -0.668639    1.741873
    0.875000   -0.659779    1.802162
    0.880000   -0.650619    1.861755
    0.885000   -0.641162    1.920623
    0.890000   -0.631414    1.978739
    0.895000   -0.621376    2.036074
    0.900000   -0.611054    2.092599
    0.905000   -0.600452    2.148286
    0.910000   -0.589573    2.203106
    0.915000   -0.578422    2.257031
    0.920000   -0.567004    2.310032
    0.925000   -0.555323    2.362080
    0.930000   -0.543385    2.413146
    0.935000   -0.531194    2.463203
    0.940000   -0.518755    2.512220
    0.945000   -0.506073    2.560171
    0.950000   -0.493155    2.607027
    0.955000   -0.480005    2.652761
    0.960000   -0.466629    2.697343
    0.965000   -0.453033    2.740748
    0.970000   -0.439224    2.782947
    0.975000   -0.425206    2.823915
    0.980000   -0.410986    2.863625
    0.985000   -0.396572    2.902052
    0.990000   -0.381968    2.939169
    0.995000   -0.367182    2.974953
    1.000000   -0.352221    3.009379
    1.005000   -0.337091    3.042424
    1.010000   -0.321799    3.074065
    1.015000   -0.306353    3.104280
    1.020000   -0.290759    3.133047
    1.025000   -0.275024    3.160348
    1.030000   -0.259158    3.186160
    1.035000   -0.243165    3.210467
    1.040000   -0.227055    3.233250
    1.045000   -0.210835    3.254493
    1.050000   -0.194513    3.274180
    1.055000   -0.178096    3.292296
    1.060000   -0.161593    3.308827
    1.065000   -0.145011    3.323762
    1.070000   -0.128358    3.337088
    1.075000   -0.111642    3.348797
    1.080000   -0.094873    3.358878
    1.085000   -0.078056    3.367324
    1.090000   -0.061202    3.374128
    1.095000   -0.044318    3.379286
    1.100000   -0.027412    3.382793
    1.105000   -0.010493    3.384646
    1.110000    0.006432    3.384845
    1.115000    0.023353    3.383388
    1.120000    0.040263    3.380278
    1.125000    0.057153    3.375516
    1.130000    0.074015    3.369106
    1.135000    0.090841    3.361054
    1.140000    0.107623    3.351364
    1.145000    0.124352    3.340046
    1.150000    0.141021    3.327107
    1.155000    0.157621    3.312557
    1.160000    0.174144    3.296408
    1.165000    0.190582    3.278671
    1.170000    0.206928    3.259360
    1.175000    0.223173    3.238489
    1.180000    0.239310    3.216074
    1.185000    0.255331    3.192131
    1.190000    0.271229    3.166678
    1.195000    0.286996    3.139733
    1.200000    0.302624    3.111316
    1.205000    0.318106    3.081446
    1.210000    0.333436    3.050145
    1.215000    0.348605    3.017435
    1.220000    0.363608    2.983338
    1.225000    0.378436    2.947878
    1.230000    0.393084    2.911079
    1.235000    0.407545    2.872964
    1.240000    0.421812    2.833560
    1.245000    0.435879    2.792891
    1.250000    0.449739    2.750985
    1.255000    0.463386    2.707867
    1.260000    0.476815    2.663565
    1.265000    0.490020    2.618105
    1.270000    0.502995    2.571516
    1.275000    0.515733    2.523825
    1.280000    0.528231    2.475061
    1.285000    0.540482    2.425251
    1.290000    0.552482    2.374424
    1.295000    0.564225    2.322609
    1.300000    0.575706    2.269835
    1.305000    0.586922    2.216129
    1.310000    0.597866    2.161521
    1.315000    0.608535    2.106039
    1.320000    0.618925    2.049712
    1.325000    0.629031    1.992569
    1.330000    0.638850    1.934638
    1.335000    0.648376    1.875948
    1.340000    0.657608    1.816526
    1.345000    0.666540    1.756401
    1.350000    0.675171    1.695602
    1.355000    0.683495    1.634155
    1.360000    0.691511    1.572088
    1.365000    0.699215    1.509429
    1.370000    0.706605    1.446206
    1.375000    0.713676    1.382444
    1.380000    0.720428    1.318171
    1.385000    0.726857    1.253414
    1.390000    0.732962    1.188199
    1.395000    0.738739    1.122552
    1.400000    0.744186    1.056499
    1.405000    0.749303    0.990066
    1.410000    0.754086    0.923279
    1.415000    0.758535    0.856163
    1.420000    0.762648    0.788742
    1.425000    0.766422    0.721043
    1.430000    0.769858    0.653090
    1.435000    0.772953    0.584907
    1.440000    0.775706    0.516520
    1.445000    0.778118    0.447952
    1.450000    0.780186    0.379228
    1.455000    0.781910    0.310373
    1.460000    0.783289    0.241410
    1.465000    0.784324    0.172363
    1.470000    0.785013    0.103256
    1.475000    0.785356    0.034114
    1.480000    0.785354   -0.035040
    1.485000    0.785006   -0.104182
    1.490000    0.784312   -0.173288
    1.495000    0.783273   -0.242334
    1.500000    0.781889   -0.311296
    1.505000    0.780160   -0.380149
    1.510000    0.778088   -0.448871
    1.515000    0.775672   -0.517437
    1.520000    0.772913   -0.585821
    1.525000    0.769814   -0.654001
    1.530000    0.766374   -0.721951
    1.535000    0.762595   -0.789647
    1.540000    0.758478   -0.857063
    1.545000    0.754025   -0.924175
    1.550000    0.749237   -0.990958
    1.555000    0.744116   -1.057386
    1.560000    0.738663   -1.123434
    1.565000    0.732882   -1.189075
    1.570000    0.726773   -1.254284
    1.575000    0.720340   -1.319035
    1.580000    0.713584   -1.383301
    1.585000    0.706508   -1.447056
    1.590000    0.699114   -1.510272
    1.595000    0.691406   -1.572923
    1.600000    0.683386   -1.634982
    1.605000    0.675057   -1.696420
    1.610000    0.666423   -1.757211
    1.615000    0.657486   -1.817326
    1.620000    0.648251   -1.876738
    1.625000    0.638720   -1.935419
    1.630000    0.628898   -1.993339
    1.635000    0.618788   -2.050472
    1.640000    0.608394   -2.106787
    1.645000    0.597721   -2.162258
    1.650000    0.586773   -2.216854
    1.655000    0.575554   -2.270547
    1.660000    0.564069   -2.323309
    1.665000    0.552323   -2.375111
    1.670000    0.540320   -2.425924
    1.675000    0.528065   -2.475720
    1.680000    0.515564   -2.524471
    1.685000    0.502822   -2.572147
    1.690000    0.489845   -2.618721
    1.695000    0.476637   -2.664165
    1.700000    0.463205   -2.708452
    1.705000    0.449555   -2.751554
    1.710000    0.435692   -2.793444
    1.715000    0.421622   -2.834096
    1.720000    0.407353   -2.873483
    1.725000    0.392890   -2.911580
    1.730000    0.378239   -2.948362
    1.735000    0.363408   -2.983804
    1.740000    0.348403   -3.017882
    1.745000    0.333232   -3.050574
    1.750000    0.317900   -3.081855
    1.755000    0.302415   -3.111706
    1.760000    0.286785   -3.140103
    1.765000    0.271017   -3.167029
    1.770000    0.255118   -3.192462
    1.775000    0.239095   -3.216384
    1.780000    0.222956   -3.238778
    1.785000    0.206710   -3.259628
    1.790000    0.190363   -3.278919
    1.795000    0.173923   -3.296634
    1.800000    0.157399   -3.312762
    1.805000    0.140798   -3.327291
    1.810000    0.124129   -3.340208
    1.815000    0.107399   -3.351505
    1.820000    0.090616   -3.361172
    1.825000    0.073790   -3.369203
    1.830000    0.056927   -3.375591
    1.835000    0.040037   -3.380330
    1.840000    0.023126   -3.383419
    1.845000    0.006205   -3.384853
    1.850000   -0.010719   -3.384632
    1.855000   -0.027638   -3.382757
    1.860000   -0.044544   -3.379228
    1.865000   -0.061428   -3.374048
    1.870000   -0.078282   -3.367221
    1.875000   -0.095097   -3.358753
    1.880000   -0.111867   -3.348651
    1.885000   -0.128581   -3.336921
    1.890000   -0.145233   -3.323573
    1.895000   -0.161814   -3.308616
    1.900000   -0.178317   -3.292064
    1.905000   -0.194732   -3.273927
    1.910000   -0.211053   -3.254219
    1.915000   -0.227272   -3.232955
    1.920000   -0.243380   -3.210152
    1.925000   -0.259371   -3.185825
    1.930000   -0.275236   -3.159992
    1.935000   -0.290968   -3.132672
    1.940000   -0.306560   -3.103885
    1.945000   -0.322005   -3.073651
    1.950000   -0.337294   -3.041991
    1.955000   -0.352422   -3.008927
    1.960000   -0.367381   -2.974483
    1.965000   -0.382165   -2.938681
    1.970000   -0.396766   -2.901546
    1.975000   -0.411178   -2.863102
    1.980000   -0.425395   -2.823375
    1.985000   -0.439410   -2.782390
    1.990000   -0.453217   -2.740174
    1.995000   -0.466810   -2.696754
    2.000000   -0.480182   -2.652156
    2.005000   -0.493329   -2.606407
    2.010000   -0.506244   -2.559537
    2.015000   -0.518923   -2.511571
    2.020000   -0.531358   -2.462539
    2.025000   -0.543546   -2.412469
    2.030000   -0.555481   -2.361389
    2.035000   -0.567159   -2.309329
    2.040000   -0.578573   -2.256315
    2.045000   -0.589720   -2.202378
    2.050000   -0.600595   -2.147546
    2.055000   -0.611194   -2.091848
    2.060000   -0.621513   -2.035311
    2.065000   -0.631546   -1.977966
    2.070000   -0.641291   -1.919840
    2.075000   -0.650743   -1.860962
    2.080000   -0.659899   -1.801359
    2.085000   -0.668756   -1.741061
    2.090000   -0.677309   -1.680094
    2.095000   -0.685555   -1.618488
    2.100000   -0.693493   -1.556269
    2.105000   -0.701117   -1.493464
    2.110000   -0.708426   -1.430102
    2.115000   -0.715417   -1.366208
    2.120000   -0.722088   -1.301810
    2.125000   -0.728435   -1.236935
    2.130000   -0.734456   -1.171608
    2.135000   -0.740150   -1.105855
    2.140000   -0.745514   -1.039704
    2.145000   -0.750546   -0.973179
    2.150000   -0.755245   -0.906305
    2.155000   -0.759609   -0.839110
    2.160000   -0.763636   -0.771616
    2.165000   -0.767325   -0.703850
    2.170000   -0.770674   -0.635837
    2.175000   -0.773683   -0.567600
    2.180000   -0.776350   -0.499165
    2.185000   -0.778674   -0.430555
    2.190000   -0.780655   -0.361796
    2.195000   -0.782292   -0.292911
    2.200000   -0.783584   -0.223924
    2.205000   -0.784531   -0.154860
    2.210000   -0.785132   -0.085742
    2.215000   -0.785388   -0.016594
    2.220000   -0.785298    0.052559
    2.225000   -0.784863    0.121694
    2.230000   -0.784081    0.190787
    2.235000   -0.782955    0.259814
    2.240000   -0.781483    0.328751
    2.245000   -0.779668    0.397573
    2.250000   -0.777508    0.466258
    2.255000   -0.775005    0.534780
    2.260000   -0.772160    0.603115
    2.265000   -0.768974    0.671239
    2.270000   -0.765448    0.739127
    2.275000   -0.761584    0.806754
    2.280000   -0.757381    0.874096
    2.285000   -0.752843    0.941127
    2.290000   -0.747971    1.007822
    2.295000   -0.742766    1.074156
    2.300000   -0.737230    1.140103
    2.305000   -0.731365    1.205638
    2.310000   -0.725174    1.270733
    2.315000   -0.718659    1.335364
    2.320000   -0.711821    1.399503
    2.325000   -0.704665    1.463123
    2.330000   -0.697191    1.526199
    2.335000   -0.689403    1.588702
    2.340000   -0.681305    1.650607
    2.345000   -0.672898    1.711884
    2.350000   -0.664187    1.772506
    2.355000   -0.655175    1.832446
    2.360000   -0.645864    1.891675
    2.365000   -0.636259    1.950166
    2.370000   -0.626364    2.007889
    2.375000   -0.616181    2.064818
    2.380000   -0.605717    2.120922
    2.385000   -0.594974    2.176173
    2.390000   -0.583956    2.230543
    2.395000   -0.572670    2.284004
    2.400000   -0.561118    2.336525
    2.405000   -0.549306    2.388079
    2.410000   -0.537239    2.438637
    2.415000   -0.524921    2.488171
    2.420000   -0.512359    2.536652
    2.425000   -0.499557    2.584052
    2.430000   -0.486520    2.630342
    2.435000   -0.473255    2.675496
    2.440000   -0.459767    2.719485
    2.445000   -0.446062    2.762282
    2.450000   -0.432146    2.803861
    2.455000   -0.418026    2.844195
    2.460000   -0.403707    2.883258
    2.465000   -0.389195    2.921024
    2.470000   -0.374499    2.957469
    2.475000   -0.359623    2.992568
    2.480000   -0.344575    3.026297
    2.485000   -0.329362    3.058633
    2.490000   -0.313991    3.089554
    2.495000   -0.298469    3.119038
    2.500000   -0.282803    3.147065
    2.505000   -0.267001    3.173614
    2.510000   -0.251070    3.198666
    2.515000   -0.235017    3.222203
    2.520000   -0.218850    3.244207
    2.525000   -0.202577    3.264664
    2.530000   -0.186206    3.283556
    2.535000   -0.169744    3.300871
    2.540000   -0.153200    3.316595
    2.545000   -0.136581    3.330716
    2.550000   -0.119896    3.343224
    2.555000   -0.103152    3.354109
    2.560000   -0.086357    3.363362
    2.565000   -0.069521    3.370977
    2.570000   -0.052650    3.376947
    2.575000   -0.035754    3.381269
    2.580000   -0.018840    3.383939
    2.585000   -0.001917    3.384954
    2.590000    0.015007    3.384314
    2.595000    0.031923    3.382019
    2.600000    0.048824    3.378071
    2.605000    0.065701    3.372474
    2.610000    0.082546    3.365231
    2.615000    0.099351    3.356348
    2.620000    0.116107    3.345832
    2.625000    0.132806    3.333692
    2.630000    0.149441    3.319935
    2.635000    0.166003    3.304573
    2.640000    0.182484    3.287618
    2.645000    0.198876    3.269082
    2.650000    0.215172    3.248979
    2.655000    0.231364    3.227323
    2.660000    0.247443    3.204132
    2.665000    0.263402    3.179422
    2.670000    0.279235    3.153210
    2.675000    0.294932    3.125517
    2.680000    0.310487    3.096361
    2.685000    0.325893    3.065764
    2.690000    0.341143    3.033746
    2.695000    0.356228    3.000330
    2.700000    0.371144    2.965540
    2.705000    0.385882    2.929398
    2.710000    0.400435    2.891929
    2.715000    0.414799    2.853158
    2.720000    0.428965    2.813110
    2.725000    0.442928    2.771811
    2.730000    0.456681    2.729287
    2.735000    0.470219    2.685565
    2.740000    0.483535    2.640673
    2.745000    0.496623    2.594638
    2.750000    0.509479    2.547487
    2.755000    0.522096    2.499249
    2.760000    0.534470    2.449951
    2.765000    0.546594    2.399623
    2.770000    0.558464    2.348292
    2.775000    0.570075    2.295987
    2.780000    0.581423    2.242737
    2.785000    0.592501    2.188570
    2.790000    0.603307    2.133516
    2.795000    0.613835    2.077602
    2.800000    0.624082    2.020858
    2.805000    0.634042    1.963313
    2.810000    0.643713    1.904993
    2.815000    0.653091    1.845929
    2.820000    0.662171    1.786147
    2.825000    0.670951    1.725677
    2.830000    0.679427    1.664546
    2.835000    0.687596    1.602782
    2.840000    0.695454    1.540412
    2.845000    0.702999    1.477463
    2.850000    0.710228    1.413964
    2.855000    0.717138    1.349940
    2.860000    0.723726    1.285418
    2.865000    0.729991    1.220426
    2.870000    0.735930    1.154989
    2.875000    0.741540    1.089133
    2.880000    0.746820    1.022884
    2.885000    0.751768    0.956268
    2.890000    0.756383    0.889311
    2.895000    0.760661    0.822038
    2.900000    0.764602    0.754473
    2.905000    0.768205    0.686642
    2.910000    0.771468    0.618569
    2.915000    0.774391    0.550280
    2.920000    0.776971    0.481798
    2.925000    0.779208    0.413148
    2.930000    0.781102    0.344355
    2.935000    0.782652    0.275442
    2.940000    0.783856    0.206433
    2.945000    0.784716    0.137353
    2.950000    0.785230    0.068225
    2.955000    0.785398   -0.000926
    2.960000    0.785221   -0.070077
    2.965000    0.784697   -0.139203
    2.970000    0.783829   -0.208282
    2.975000    0.782615   -0.277288
    2.980000    0.781056   -0.346198
    2.985000    0.779153   -0.414988
    2.990000    0.776906   -0.483634
    2.995000    0.774317   -0.552111
    3.000000    0.771386   -0.620395
    3.005000    0.768113   -0.688461
    3.010000    0.764501   -0.756285
    3.015000    0.760551   -0.823843
    3.020000    0.756263   -0.891108
    3.025000    0.751640   -0.958057
    3.030000    0.746683   -1.024663
    3.035000    0.741394   -1.090901
    3.040000    0.735775   -1.156746
    3.045000    0.729828   -1.222172
    3.050000    0.723554   -1.287152
    3.055000    0.716957   -1.351661
    3.060000    0.710038   -1.415671
    3.065000    0.702801   -1.479156
    3.070000    0.695248   -1.542089
    3.075000    0.687381   -1.604443
    3.080000    0.679204   -1.666191
    3.085000    0.670720   -1.727305
    3.090000    0.661932   -1.787757
    3.095000    0.652844   -1.847520
    3.100000    0.643458   -1.906565
    3.105000    0.633779   -1.964864
    3.110000    0.623811   -2.022388
    3.115000    0.613557   -2.079110
    3.120000    0.603021   -2.135001
    3.125000    0.592208   -2.190032
    3.130000    0.581122   -2.244175
    3.135000    0.569768   -2.297400
    3.140000    0.558150   -2.349679
    3.145000    0.546273   -2.400983
    3.150000    0.534142   -2.451285
    3.155000    0.521762   -2.500554
    3.160000    0.509138   -2.548764
    3.165000    0.496276   -2.595885
    3.170000    0.483181   -2.641890
    3.175000    0.469859   -2.686752
    3.180000    0.456315   -2.730441
    3.185000    0.442556   -2.772932
    3.190000    0.428588   -2.814198
    3.195000    0.414417   -2.854213
    3.200000    0.400048   -2.892949
    3.205000    0.385489   -2.930383
    3.210000    0.370747   -2.966489
    3.215000    0.355827   -3.001243
    3.220000    0.340736   -3.034622
    3.225000    0.325483   -3.066601
    3.230000    0.310073   -3.097161
    3.235000    0.294514   -3.126277
    3.240000    0.278812   -3.153932
    3.245000    0.262977   -3.180103
    3.250000    0.247014   -3.204773
    3.255000    0.230932   -3.227923
    3.260000    0.214737   -3.249537
    3.265000    0.198439   -3.269599
    3.270000    0.182044   -3.288093
    3.275000    0.165560   -3.305006
    3.280000    0.148996   -3.320324
    3.285000    0.132360   -3.334038
    3.290000    0.115659   -3.346135
    3.295000    0.098901   -3.356607
    3.300000    0.082095   -3.365446
    3.305000    0.065249   -3.372645
    3.310000    0.048372   -3.378198
    3.315000    0.031470   -3.382102
    3.320000    0.014553   -3.384352
    3.325000   -0.002371   -3.384948
    3.330000   -0.019293   -3.383889
    3.335000   -0.036207   -3.381175
    3.340000   -0.053102   -3.376809
    3.345000   -0.069972   -3.370794
    3.350000   -0.086807   -3.363135
    3.355000   -0.103601   -3.353838
    3.360000   -0.120343   -3.342910
    3.365000   -0.137027   -3.330359
    3.370000   -0.153644   -3.316195
    3.375000   -0.170186   -3.300428
    3.380000   -0.186646   -3.283071
    3.385000   -0.203014   -3.264136
    3.390000   -0.219284   -3.243638
    3.395000   -0.235448   -3.221592
    3.400000   -0.251498   -3.198015
    3.405000   -0.267426   -3.172922
    3.410000   -0.283225   -3.146334
    3.415000   -0.298887   -3.118268
    3.420000   -0.314405   -3.088745
    3.425000   -0.329772   -3.057785
    3.430000   -0.344980   -3.025412
    3.435000   -0.360024   -2.991645
    3.440000   -0.374894   -2.956510
    3.445000   -0.389586   -2.920030
    3.450000   -0.404093   -2.882228
    3.455000   -0.418406   -2.843131
    3.460000   -0.432522   -2.802764
    3.465000   -0.446432   -2.761152
    3.470000   -0.460131   -2.718322
    3.475000   -0.473613   -2.674302
    3.480000   -0.486872   -2.629117
    3.485000   -0.499903   -2.582797
    3.490000   -0.512698   -2.535368
    3.495000   -0.525254   -2.486858
    3.500000   -0.537565   -2.437297
    3.505000   -0.549626   -2.386712
    3.510000   -0.561431   -2.335131
    3.515000   -0.572975   -2.282584
    3.520000   -0.584255   -2.229099
    3.525000   -0.595265   -2.174705
    3.530000   -0.606001   -2.119430
    3.535000   -0.616458   -2.063304
    3.540000   -0.626632   -2.006354
    3.545000   -0.636520   -1.948610
    3.550000   -0.646117   -1.890099
    3.555000   -0.655420   -1.830850
    3.560000   -0.664424   -1.770892
    3.565000   -0.673128   -1.710251
    3.570000   -0.681526   -1.648957
    3.575000   -0.689616   -1.587037
    3.580000   -0.697395   -1.524517
    3.585000   -0.704860   -1.461427
    3.590000   -0.712009   -1.397792
    3.595000   -0.718837   -1.333639
    3.600000   -0.725344   -1.268996
    3.605000   -0.731527   -1.203888
    3.610000   -0.737382   -1.138343
    3.615000   -0.742909   -1.072385
    3.620000   -0.748105   -1.006041
    3.625000   -0.752969   -0.939336
    3.630000   -0.757498   -0.872297
    3.635000   -0.761692   -0.804947
    3.640000   -0.765547   -0.737312
    3.645000   -0.769064   -0.669418
    3.650000   -0.772241   -0.601288
    3.655000   -0.775077   -0.532947
    3.660000   -0.777570   -0.464421
    3.665000   -0.779721   -0.395732
    3.670000   -0.781527   -0.326906
    3.675000   -0.782990   -0.257967
    3.680000   -0.784107   -0.188938
    3.685000   -0.784879   -0.119843
    3.690000   -0.785305   -0.050707
    3.695000   -0.785386    0.018446
    3.700000   -0.785121    0.087593
    3.705000   -0.784510    0.156710
    3.710000   -0.783554    0.225772
    3.715000   -0.782252    0.294756
    3.720000   -0.780606    0.363639
    3.725000   -0.778616    0.432394
    3.730000   -0.776283    0.500999
    3.735000   -0.773607    0.569430
    3.740000   -0.770589    0.637661
    3.745000   -0.767230    0.705668
    3.750000   -0.763532    0.773427
    3.755000   -0.759496    0.840913
    3.760000   -0.755124    0.908100
    3.765000   -0.750416    0.974965
    3.770000   -0.745375    1.041480
    3.775000   -0.740002    1.107621
    3.780000   -0.734299    1.173362
    3.785000   -0.728269    1.238678
    3.790000   -0.721913    1.303541
    3.795000   -0.715234    1.367926
    3.800000   -0.708235    1.431805
    3.805000   -0.700917    1.495153
    3.810000   -0.693284    1.557942
    3.815000   -0.685339    1.620146
    3.820000   -0.677084    1.681735
    3.825000   -0.668522    1.742684
    3.830000   -0.659658    1.802964
    3.835000   -0.650494    1.862548
    3.840000   -0.641034    1.921406
    3.845000   -0.631281    1.979512
    3.850000   -0.621240    2.036836
    3.855000   -0.610914    2.093350
    3.860000   -0.600308    2.149026
    3.865000   -0.589425    2.203834
    3.870000   -0.578271    2.257747
    3.875000   -0.566849    2.310735
    3.880000   -0.555165    2.362770
    3.885000   -0.543223    2.413823
    3.890000   -0.531029    2.463866
    3.895000   -0.518586    2.512869
    3.900000   -0.505902    2.560806
    3.905000   -0.492980    2.607647
    3.910000   -0.479827    2.653365
    3.915000   -0.466448    2.697932
    3.920000   -0.452850    2.741321
    3.925000   -0.439037    2.783504
    3.930000   -0.425017    2.824455
    3.935000   -0.410795    2.864148
    3.940000   -0.396377    2.902557
    3.945000   -0.381771    2.939657
    3.950000   -0.366983    2.975423
    3.955000   -0.352019    3.009831
    3.960000   -0.336887    3.042857
    3.965000   -0.321593    3.074479
    3.970000   -0.306145    3.104675
    3.975000   -0.290549    3.133423
    3.980000   -0.274813    3.160703
    3.985000   -0.258944    3.186496
    3.990000   -0.242950    3.210782
    3.995000   -0.226839    3.233545
    4.000000   -0.210618    3.254767
    4.005000   -0.194294    3.274433
    4.010000   -0.177876    3.292528
    4.015000   -0.161371    3.309038
    4.020000   -0.144788    3.323951
    4.025000   -0.128134    3.337256
    4.030000   -0.111418    3.348942
    4.035000   -0.094648    3.359002
    4.040000   -0.077831    3.367426
    4.045000   -0.060976    3.374208
    4.050000   -0.044092    3.379344
    4.055000   -0.027186    3.382828
    4.060000   -0.010266    3.384660
    4.065000    0.006658    3.384836
    4.070000    0.023579    3.383358
    4.075000    0.040489    3.380225
    4.080000    0.057379    3.375441
    4.085000    0.074241    3.369009
    4.090000    0.091066    3.360935
    4.095000    0.107847    3.351224
    4.100000    0.124576    3.339883
    4.105000    0.141244    3.326923
    4.110000    0.157842    3.312351
    4.115000    0.174364    3.296181
    4.120000    0.190802    3.278423
    4.125000    0.207146    3.259090
    4.130000    0.223390    3.238199
    4.135000    0.239525    3.215763
    4.140000    0.255545    3.191800
    4.145000    0.271441    3.166327
    4.150000    0.287206    3.139362
    4.155000    0.302832    3.110925
    4.160000    0.318313    3.081036
    4.165000    0.333640    3.049717
    4.170000    0.348807    3.016988
    4.175000    0.363808    2.982873
    4.180000    0.378634    2.947394
    4.185000    0.393279    2.910577
    4.190000    0.407737    2.872445
    4.195000    0.422002    2.833023
    4.200000    0.436066    2.792338
    4.205000    0.449923    2.750415
    4.210000    0.463568    2.707281
    4.215000    0.476994    2.662963
    4.220000    0.490195    2.617489
    4.225000    0.503167    2.570885
    4.230000    0.515902    2.523179
    4.235000    0.528397    2.474401
    4.240000    0.540645    2.424577
    4.245000    0.552641    2.373737
    4.250000    0.564380    2.321909
    4.255000    0.575858    2.269122
    4.260000    0.587070    2.215404
    4.265000    0.598011    2.160784
    4.270000    0.608676    2.105290
    4.275000    0.619062    2.048953
    4.280000    0.629165    1.991799
    4.285000    0.638979    1.933857
    4.290000    0.648502    1.875157
    4.295000    0.657729    1.815726
    4.300000    0.666658    1.755592
    4.305000    0.675284    1.694783
    4.310000    0.683605    1.633328
    4.315000    0.691616    1.571253
    4.320000    0.699316    1.508587
    4.325000    0.706701    1.445355
    4.330000    0.713769    1.381587
    4.335000    0.720516    1.317308
    4.340000    0.726941    1.252544
    4.345000    0.733041    1.187323
    4.350000    0.738814    1.121670
    4.355000    0.744257    1.055612
    4.360000    0.749369    0.989175
    4.365000    0.754148    0.922383
    4.370000    0.758592    0.855262
    4.375000    0.762700    0.787838
    4.380000    0.766470    0.720135
    4.385000    0.769901    0.652178
    4.390000    0.772992    0.583993
    4.395000    0.775741    0.515603
    4.400000    0.778148    0.447033
    4.405000    0.780211    0.378307
    4.410000    0.781930    0.309450
    4.415000    0.783305    0.240486
    4.420000    0.784335    0.171438
    4.425000    0.785020    0.102331
    4.430000    0.785358    0.033188
    4.435000    0.785351   -0.035966
    4.440000    0.784999   -0.105107
    4.445000    0.784300   -0.174213
    4.450000    0.783257   -0.243258
    4.455000    0.781868   -0.312218
    4.460000    0.780135   -0.381070
    4.465000    0.778057   -0.449790
    4.470000    0.775637   -0.518353
    4.475000    0.772874   -0.586736
    4.480000    0.769770   -0.654912
    4.485000    0.766325   -0.722859
    4.490000    0.762542   -0.790551
    4.495000    0.758420   -0.857964
    4.500000    0.753963   -0.925072
    4.505000    0.749170   -0.991850
    4.510000    0.744045   -1.058273
    4.515000    0.738588   -1.124315
    4.520000    0.732802   -1.189951
    4.525000    0.726689   -1.255154
    4.530000    0.720252   -1.319899
    4.535000    0.713491   -1.384158
    4.540000    0.706411   -1.447906
    4.545000    0.699013   -1.511115
    4.550000    0.691301   -1.573758
    4.555000    0.683276   -1.635808
    4.560000    0.674944   -1.697238
    4.565000    0.666305   -1.758020
    4.570000    0.657365   -1.818127
    4.575000    0.648125   -1.877529
    4.580000    0.638590   -1.936199
    4.585000    0.628764   -1.994110
    4.590000    0.618651   -2.051231
    4.595000    0.608253   -2.107536
    4.600000    0.597577   -2.162994
    4.605000    0.586625   -2.217579
    4.610000    0.575402   -2.271260
    4.615000    0.563914   -2.324009
    4.620000    0.552164   -2.375798
    4.625000    0.540158   -2.426598
    4.630000    0.527900   -2.476380
    4.635000    0.515395   -2.525116
    4.640000    0.502650   -2.572778
    4.645000    0.489670   -2.619337
    4.650000    0.476459   -2.664766
    4.655000    0.463024   -2.709037
    4.660000    0.449370   -2.752123
    4.665000    0.435505   -2.793996
    4.670000    0.421433   -2.834631
    4.675000    0.407160   -2.874001
    4.680000    0.392695   -2.912081
    4.685000    0.378042   -2.948845
    4.690000    0.363208   -2.984269
    4.695000    0.348201   -3.018329
    4.700000    0.333027   -3.051002
    4.705000    0.317694   -3.082265
    4.710000    0.302207   -3.112096
    4.715000    0.286575   -3.140474
    4.720000    0.270805   -3.167379
    4.725000    0.254904   -3.192792
    4.730000    0.238880   -3.216694
    4.735000    0.222739   -3.239068
    4.740000    0.206491   -3.259897
    4.745000    0.190143   -3.279166
    4.750000    0.173702   -3.296861
    4.755000    0.157177   -3.312968
    4.760000    0.140575   -3.327474
    4.765000    0.123905   -3.340370
    4.770000    0.107174   -3.351645
    4.775000    0.090391   -3.361291
    4.780000    0.073564   -3.369299
    4.785000    0.056701   -3.375665
    4.790000    0.039810   -3.380383
    4.795000    0.022900   -3.383449
    4.800000    0.005979   -3.384861
    4.805000   -0.010946   -3.384618
    4.810000   -0.027865   -3.382720
    4.815000   -0.044770   -3.379169
    4.820000   -0.061654   -3.373967
    4.825000   -0.078507   -3.367119
    4.830000   -0.095322   -3.358629
    4.835000   -0.112091   -3.348504
    4.840000   -0.128805   -3.336753
    4.845000   -0.145456   -3.323383
    4.850000   -0.162036   -3.308405
    4.855000   -0.178537   -3.291831
    4.860000   -0.194951   -3.273673
    4.865000   -0.211271   -3.253945
    4.870000   -0.227488   -3.232660
    4.875000   -0.243595   -3.209836
    4.880000   -0.259584   -3.185489
    4.885000   -0.275448   -3.159636
    4.890000   -0.291178   -3.132296
    4.895000   -0.306768   -3.103489
    4.900000   -0.322210   -3.073236
    4.905000   -0.337498   -3.041557
    4.910000   -0.352624   -3.008475
    4.915000   -0.367580   -2.974012
    4.920000   -0.382362   -2.938192
    4.925000   -0.396960   -2.901040
    4.930000   -0.411370   -2.862579
    4.935000   -0.425584   -2.822834
    4.940000   -0.439596   -2.781833
    4.945000   -0.453400   -2.739601
    4.950000   -0.466990   -2.696165
    4.955000   -0.480360   -2.651551
    4.960000   -0.493504   -2.605787
    4.965000   -0.506416   -2.558902
    4.970000   -0.519091   -2.510922
    4.975000   -0.531523   -2.461876
    4.980000   -0.543708   -2.411792
    4.985000   -0.555639   -2.360699
    4.990000   -0.567313   -2.308625
    4.995000   -0.578724   -2.255599
    5.000000   -0.589868   -2.201650